1.416300050000000113e+02
1.418000030000000038e+02
1.410500030000000038e+02
1.418300020000000075e+02
1.411999969999999962e+02
1.406799929999999961e+02
1.424400019999999927e+02
1.422700040000000001e+02
1.436399989999999889e+02
1.445299990000000037e+02
1.436799929999999961e+02
1.437899929999999813e+02
1.436499939999999924e+02
1.465800020000000075e+02
1.475099950000000035e+02
1.470599980000000073e+02
1.465299990000000037e+02
1.489600070000000187e+02
1.530099950000000035e+02
1.539900049999999965e+02
1.532599950000000035e+02
1.539499969999999962e+02
1.561000060000000076e+02
1.556999969999999962e+02
1.554700009999999963e+02
1.502500000000000000e+02
1.525399929999999813e+02
1.530599980000000073e+02
1.539900049999999965e+02
1.538000030000000038e+02
1.533399959999999851e+02
1.538699949999999887e+02
1.536100010000000111e+02
1.536699979999999925e+02
1.527599950000000035e+02
1.531799929999999961e+02
1.554499969999999962e+02
1.539299929999999961e+02
1.544499969999999962e+02
1.553699949999999887e+02
1.549900049999999965e+02
1.489799959999999999e+02
1.454199979999999925e+02
1.465899959999999851e+02
1.451600040000000149e+02
1.442899929999999813e+02
1.422700040000000001e+02
1.463399959999999851e+02
1.450099950000000035e+02
1.458699949999999887e+02
1.456300050000000113e+02
1.462799990000000037e+02
1.458200070000000039e+02
1.437299959999999999e+02
1.458300020000000075e+02
1.436799929999999961e+02
1.440200040000000001e+02
1.435000000000000000e+02
1.440899959999999851e+02
1.427299959999999999e+02
1.441799929999999961e+02
1.450599980000000073e+02
1.455299990000000037e+02
1.457400049999999965e+02
1.477700040000000001e+02
1.490399929999999813e+02
1.495599980000000073e+02
1.500800020000000075e+02
1.510200040000000001e+02
1.503399959999999851e+02
1.502700040000000001e+02
1.520899959999999851e+02
1.527400049999999965e+02
1.534600070000000187e+02
1.505599980000000073e+02
1.495000000000000000e+02
1.487299959999999999e+02
1.500500030000000038e+02
1.571399989999999889e+02
1.555700070000000039e+02
1.563899989999999889e+02
1.588099980000000073e+02
1.600800020000000075e+02
1.610599980000000073e+02
1.553200070000000039e+02
1.574799959999999999e+02
1.598500060000000076e+02
1.616000060000000076e+02
1.609499969999999962e+02
1.578600010000000111e+02
1.575000000000000000e+02
1.572100070000000187e+02
1.597799990000000037e+02
1.599799959999999999e+02
1.592700040000000001e+02
1.598600010000000111e+02
1.614700009999999963e+02
1.629100040000000149e+02
1.633500060000000076e+02
1.640000000000000000e+02
1.640500030000000038e+02
1.620800020000000075e+02
1.619100040000000149e+02
1.612599950000000035e+02
1.586300050000000113e+02
1.615000000000000000e+02
1.608600010000000111e+02
1.596499939999999924e+02
1.582799990000000037e+02
1.598800050000000113e+02
1.586699979999999925e+02
1.587299959999999999e+02
1.560700070000000039e+02
1.533899989999999889e+02
1.518899989999999889e+02
1.505500030000000038e+02
1.531399989999999889e+02
1.542299959999999999e+02
1.532799990000000037e+02
1.541199949999999887e+02
1.538099980000000073e+02
1.544799959999999999e+02
1.534799959999999999e+02
1.553899989999999889e+02
1.553000030000000038e+02
1.558399959999999851e+02
1.558999939999999924e+02
1.565500030000000038e+02
