8.233499759999999696e+02
8.243200070000000323e+02
8.235599980000000642e+02
8.371699830000000020e+02
8.368200070000000323e+02
8.382100219999999808e+02
8.416500240000000304e+02
8.431900019999999358e+02
8.627600099999999657e+02
8.722999880000000985e+02
8.717299800000000687e+02
8.742500000000000000e+02
9.059600220000000945e+02
9.125700070000000323e+02
9.164400019999999358e+02
9.270399779999999055e+02
9.316599730000000363e+02
9.271300050000000965e+02
9.342999880000000985e+02
9.321699830000000020e+02
9.287800289999998995e+02
9.305999759999999696e+02
9.322199710000001005e+02
9.370800169999999980e+02
9.430000000000000000e+02
9.196199949999999035e+02
9.302399900000000343e+02
9.340100099999999657e+02
9.418599849999999378e+02
9.488200070000000323e+02
9.549600220000000945e+02
9.695399779999999055e+02
9.714699710000001005e+02
9.758800050000000965e+02
9.648599849999999378e+02
9.669500119999999015e+02
9.755999759999999696e+02
9.836799929999999677e+02
9.765700070000000323e+02
9.809400019999999358e+02
9.834099730000000363e+02
9.498300169999999980e+02
9.429000240000000304e+02
9.534000240000000304e+02
9.507600099999999657e+02
9.423099980000000642e+02
9.397800289999998995e+02
9.573699949999999035e+02
9.506300050000000965e+02
9.594500119999999015e+02
9.570900269999999637e+02
9.655900269999999637e+02
9.522700199999999313e+02
9.273300169999999980e+02
9.404899900000000343e+02
9.177899779999999055e+02
9.087299800000000687e+02
8.987000119999999015e+02
9.117100220000000945e+02
9.066900019999999358e+02
9.185900269999999637e+02
9.287999880000000985e+02
9.300900269999999637e+02
9.438300169999999980e+02
9.471599730000000363e+02
9.559899900000000343e+02
9.534199830000000020e+02
9.654000240000000304e+02
9.708900150000000622e+02
9.681500240000000304e+02
9.729199830000000020e+02
9.803400269999999637e+02
9.507000119999999015e+02
9.477999880000000985e+02
9.340900269999999637e+02
9.415300289999998995e+02
9.305000000000000000e+02
9.308300169999999980e+02
9.303900150000000622e+02
9.236500240000000304e+02
9.279600220000000945e+02
9.293599849999999378e+02
9.267899779999999055e+02
9.229000240000000304e+02
9.072399900000000343e+02
9.143900150000000622e+02
9.226699830000000020e+02
9.222199710000001005e+02
9.269600220000000945e+02
9.109799800000000687e+02
9.106699830000000020e+02
9.066599730000000363e+02
9.246900019999999358e+02
9.270000000000000000e+02
9.212800289999998995e+02
9.158900150000000622e+02
9.138099980000000642e+02
9.212899779999999055e+02
9.295700070000000323e+02
9.393300169999999980e+02
9.373400269999999637e+02
9.284500119999999015e+02
9.278099980000000642e+02
9.359500119999999015e+02
9.265000000000000000e+02
9.290800169999999980e+02
9.320700070000000323e+02
9.350900269999999637e+02
9.251099849999999378e+02
9.202899779999999055e+02
9.150000000000000000e+02
9.218099980000000642e+02
9.315800169999999980e+02
9.324500119999999015e+02
9.285300289999998995e+02
9.209699710000001005e+02
9.248599849999999378e+02
9.444899900000000343e+02
9.495000000000000000e+02
9.591099849999999378e+02
9.532700199999999313e+02
9.577899779999999055e+02
9.516799929999999677e+02
9.699600220000000945e+02
9.788900150000000622e+02
9.770000000000000000e+02
9.725999759999999696e+02
9.892500000000000000e+02
