2.350599980000000073e+02
2.340299990000000321e+02
2.325099950000000320e+02
2.345700069999999755e+02
2.338699950000000172e+02
2.334400019999999927e+02
2.353399959999999851e+02
2.345899959999999851e+02
2.371699979999999925e+02
2.385500029999999754e+02
2.383999939999999924e+02
2.386000060000000076e+02
2.380800020000000075e+02
2.386799930000000245e+02
2.387700040000000001e+02
2.384799959999999999e+02
2.387599950000000320e+02
2.396999970000000246e+02
2.396600040000000149e+02
2.394400019999999927e+02
2.398699950000000172e+02
2.393800049999999828e+02
2.389799959999999999e+02
2.403000029999999754e+02
2.400800020000000075e+02
2.358200069999999755e+02
2.367700040000000001e+02
2.383099980000000073e+02
2.395200040000000001e+02
2.400500029999999754e+02
2.406100009999999827e+02
2.417599950000000320e+02
2.417100069999999903e+02
2.415000000000000000e+02
2.414400019999999927e+02
2.433600009999999827e+02
2.441699979999999925e+02
2.439900049999999680e+02
2.432100069999999903e+02
2.436600040000000149e+02
2.437799990000000321e+02
2.434100040000000149e+02
2.433600009999999827e+02
2.445500029999999754e+02
2.442400049999999680e+02
2.437700040000000001e+02
2.426399990000000173e+02
2.446600040000000149e+02
2.430099950000000320e+02
2.429499970000000246e+02
2.428399959999999851e+02
2.431300049999999828e+02
2.432899930000000097e+02
2.413300020000000075e+02
2.434900049999999680e+02
2.413500060000000076e+02
2.418000029999999754e+02
2.422100069999999903e+02
2.427700040000000001e+02
2.405500029999999754e+02
2.421100009999999827e+02
2.423699950000000172e+02
2.421900019999999927e+02
2.440099950000000320e+02
2.444199979999999925e+02
2.455599980000000073e+02
2.455299990000000321e+02
2.456600040000000149e+02
2.469900049999999680e+02
2.471000060000000076e+02
2.468800049999999828e+02
2.468200069999999755e+02
2.474199979999999925e+02
2.474299930000000245e+02
2.471999970000000246e+02
2.469100040000000149e+02
2.467700040000000001e+02
2.473200069999999755e+02
2.474400019999999927e+02
2.469600069999999903e+02
2.474100040000000149e+02
2.478699950000000172e+02
2.472599950000000320e+02
2.472500000000000000e+02
2.437599950000000320e+02
2.441199950000000172e+02
2.465399930000000097e+02
2.465099950000000320e+02
2.469400019999999927e+02
2.430899959999999851e+02
2.427100069999999903e+02
2.428999939999999924e+02
2.454400019999999927e+02
2.445599980000000073e+02
2.439900049999999680e+02
2.445599980000000073e+02
2.445700069999999755e+02
2.448500060000000076e+02
2.460099950000000320e+02
2.474900049999999680e+02
2.478399959999999851e+02
2.460599980000000073e+02
2.468999939999999924e+02
2.468699950000000172e+02
2.465800020000000075e+02
2.492100069999999903e+02
2.500500029999999754e+02
2.501699979999999925e+02
2.500899959999999851e+02
2.491900019999999927e+02
2.497200009999999679e+02
2.499700009999999679e+02
2.500599980000000073e+02
2.493899990000000173e+02
2.494400019999999927e+02
2.489299930000000245e+02
2.490800020000000075e+02
2.500500029999999754e+02
2.503500060000000076e+02
2.512299959999999999e+02
2.523200069999999755e+02
2.528600009999999827e+02
2.531600040000000149e+02
2.546600040000000149e+02
2.543699950000000172e+02
2.539499970000000246e+02
2.546199950000000172e+02
2.550200040000000001e+02
